0.02 1.00215 0.0198488
0.04 1.00401 0.0401832
0.06 1.00582 0.0601066
0.08 1.00821 0.0800449
0.10 1.01099 0.0999941
0.12 1.0128 0.119873
0.14 1.01559 0.139996
0.16 1.01822 0.159483
0.18 1.0211 0.179548
0.20 1.02468 0.200319
0.22 1.0281 0.220186
0.24 1.03066 0.240094
0.26 1.03473 0.260215
0.28 1.0391 0.279925
0.30 1.04401 0.300341
0.32 1.04724 0.320225
0.34 1.05225 0.339853
0.36 1.05773 0.359823
0.38 1.06305 0.380488
0.40 1.06913 0.40005
0.42 1.07567 0.419892
0.44 1.08334 0.440226
0.46 1.09025 0.459938
0.48 1.099 0.479808
0.50 1.10781 0.499363
0.52 1.11853 0.519912
0.54 1.1293 0.539723
0.56 1.14252 0.560061
0.58 1.15785 0.579591
0.60 1.17319 0.599701
