0.02 3.03199 0.0199531
0.04 3.07391 0.0400117
0.06 3.1188 0.0599238
0.08 3.17385 0.0797113
0.10 3.24786 0.0999113
0.12 3.34619 0.120091
0.14 3.47331 0.14013
0.16 3.66869 0.160074
0.18 3.95536 0.179586
0.20 4.48827 0.199844
0.22 5.75688 0.219583
0.24 11.8782 0.239995
0.26 199.749 0.24972
0.28 536.772 0.249852
0.30 835.565 0.249891
0.32 1086.36 0.249906
0.34 1325.19 0.249911
0.36 1524.66 0.249915
0.38 1710.45 0.249915
0.40 1878.85 0.249917
0.42 2029.65 0.249921
0.44 2158.82 0.249918
0.46 2288.13 0.249921
0.48 2396.98 0.249924
0.50 2501.2 0.249923
0.52 2598.58 0.249923
0.54 2690.32 0.249922
0.56 2773.01 0.249924
0.58 2849.66 0.249923
0.60 2919.48 0.249925
