0.02 1.00179 0.0200773
0.04 1.00384 0.0402438
0.06 1.00648 0.060325
0.08 1.00839 0.0798254
0.10 1.01051 0.100137
0.12 1.01326 0.120256
0.14 1.01576 0.140033
0.16 1.01833 0.159815
0.18 1.02135 0.180125
0.20 1.0246 0.200427
0.22 1.02761 0.219632
0.24 1.03141 0.240119
0.26 1.03456 0.259791
0.28 1.03942 0.279923
0.30 1.04304 0.29958
0.32 1.04815 0.320655
0.34 1.05254 0.340076
0.36 1.05693 0.359422
0.38 1.06386 0.379946
0.40 1.06918 0.400182
0.42 1.07572 0.419722
0.44 1.08349 0.439435
0.46 1.09046 0.459759
0.48 1.09875 0.479879
0.50 1.10854 0.49948
0.52 1.11975 0.519645
0.54 1.1308 0.539546
0.56 1.14307 0.559872
0.58 1.15843 0.580213
0.60 1.17259 0.599754
