0.02 3.07329 0.02005
0.04 3.1774 0.0402387
0.06 3.31714 0.0598879
0.08 3.54043 0.0801164
0.10 3.90326 0.0995898
0.12 4.73369 0.120019
0.14 7.40611 0.139823
0.16 137.175 0.156005
0.18 651.28 0.156372
0.20 1091.92 0.156581
0.22 1440.41 0.156484
0.24 1756.34 0.156302
0.26 2006.03 0.156052
0.28 2214.41 0.156393
0.30 2387.25 0.156368
0.32 2552.9 0.156397
0.34 2696.98 0.156359
0.36 2822.96 0.156223
0.38 2950.03 0.156468
0.40 3040.85 0.156664
0.42 3135.15 0.156606
0.44 3220.34 0.156457
0.46 3304.28 0.156159
0.48 3369.78 0.156562
0.50 3439.24 0.156422
0.52 3500.8 0.156595
0.54 3552.62 0.15645
0.56 3600.47 0.156448
0.58 3658.28 0.156205
0.60 3695.24 0.156488
