0.02 1.00214 0.0200445
0.04 1.00401 0.0400793
0.06 1.00583 0.0598328
0.08 1.0084 0.079918
0.10 1.01073 0.100036
0.12 1.01288 0.120188
0.14 1.01617 0.140008
0.16 1.01871 0.159776
0.18 1.02157 0.180018
0.20 1.02443 0.199781
0.22 1.02765 0.219649
0.24 1.03093 0.240018
0.26 1.03486 0.260208
0.28 1.03879 0.27988
0.30 1.04267 0.300099
0.32 1.04753 0.319253
0.34 1.05219 0.340488
0.36 1.0573 0.359819
0.38 1.06361 0.380128
0.40 1.07014 0.400018
0.42 1.07578 0.41987
0.44 1.08349 0.440111
0.46 1.09168 0.46028
0.48 1.09818 0.479796
0.50 1.10863 0.500191
0.52 1.11838 0.520334
0.54 1.13037 0.540031
0.56 1.14395 0.56012
0.58 1.15764 0.579755
0.60 1.1743 0.59993
