0.02 3.06413 0.0199715
0.04 3.14664 0.0398762
0.06 3.26682 0.0600383
0.08 3.43562 0.0801238
0.10 3.69492 0.0998328
0.12 4.15318 0.119866
0.14 5.18392 0.139932
0.16 9.4954 0.159857
0.18 218.972 0.172682
0.20 675.875 0.17282
0.22 1070.79 0.172921
0.24 1410.77 0.17283
0.26 1676.08 0.172977
0.28 1915.56 0.172853
0.30 2119.87 0.172827
0.32 2295.23 0.172857
0.34 2464.99 0.172705
0.36 2595.68 0.172861
0.38 2726.82 0.17273
0.40 2835.41 0.172802
0.42 2944.51 0.172907
0.44 3032.55 0.172936
0.46 3123.91 0.172782
0.48 3203.62 0.172745
0.50 3275.28 0.172959
0.52 3339.46 0.173032
0.54 3400.09 0.172822
0.56 3455.56 0.17278
0.58 3510.25 0.172802
0.60 3561.98 0.172803
