0.02 1.0019 0.019952
0.04 1.00418 0.0400332
0.06 1.00569 0.0599602
0.08 1.00819 0.0800418
0.10 1.0105 0.0999855
0.12 1.01312 0.119883
0.14 1.01531 0.140128
0.16 1.01837 0.159537
0.18 1.02098 0.179801
0.20 1.02426 0.200436
0.22 1.02775 0.220454
0.24 1.03138 0.239778
0.26 1.03586 0.259914
0.28 1.03897 0.280242
0.30 1.04347 0.300047
0.32 1.04747 0.32023
0.34 1.0521 0.339807
0.36 1.05789 0.359568
0.38 1.06362 0.379957
0.40 1.06944 0.400314
0.42 1.07597 0.42031
0.44 1.08293 0.440164
0.46 1.08979 0.460264
0.48 1.09847 0.48003
0.50 1.10877 0.500042
0.52 1.11725 0.519672
0.54 1.13016 0.540232
0.56 1.14304 0.559779
0.58 1.15621 0.579537
0.60 1.17301 0.600031
