0.02 1.00161 0.019868
0.04 1.00407 0.039716
0.06 1.00599 0.0601281
0.08 1.00779 0.0803344
0.10 1.0109 0.100173
0.12 1.0129 0.119521
0.14 1.01595 0.139997
0.16 1.01871 0.160122
0.18 1.02147 0.180076
0.20 1.02426 0.20005
0.22 1.02731 0.219829
0.24 1.03122 0.239931
0.26 1.03528 0.259797
0.28 1.03871 0.279341
0.30 1.04302 0.300198
0.32 1.04809 0.320076
0.34 1.05266 0.339997
0.36 1.05795 0.359941
0.38 1.0637 0.379478
0.40 1.06913 0.400155
0.42 1.07595 0.420489
0.44 1.08252 0.439914
0.46 1.0913 0.459987
0.48 1.09915 0.479827
0.50 1.10811 0.499972
0.52 1.11944 0.519942
0.54 1.12962 0.539596
0.56 1.14401 0.560179
0.58 1.15733 0.580204
0.60 1.17161 0.599811
