0.02 1.00198 0.0199734
0.04 1.00444 0.0399766
0.06 1.00634 0.0600535
0.08 1.00791 0.0799012
0.10 1.01047 0.100059
0.12 1.01303 0.119861
0.14 1.01555 0.140007
0.16 1.01857 0.159681
0.18 1.02051 0.179979
0.20 1.02439 0.200077
0.22 1.02728 0.219973
0.24 1.03102 0.240071
0.26 1.0348 0.260159
0.28 1.0386 0.279997
0.30 1.0438 0.300182
0.32 1.04792 0.319815
0.34 1.05288 0.340216
0.36 1.05839 0.359812
0.38 1.06296 0.380126
0.40 1.06924 0.399586
0.42 1.07553 0.419838
0.44 1.08216 0.439944
0.46 1.09048 0.460358
0.48 1.10009 0.480044
0.50 1.10916 0.499631
0.52 1.11936 0.519908
0.54 1.1293 0.539966
0.56 1.14268 0.560286
0.58 1.15593 0.579896
0.60 1.17492 0.600009
