0.02 3.0799 0.020068
0.04 3.1847 0.0397434
0.06 3.34188 0.0598844
0.08 3.59385 0.0801129
0.10 4.0463 0.100201
0.12 5.10068 0.120421
0.14 9.83298 0.139926
0.16 284.28 0.150815
0.18 805.768 0.150572
0.20 1218.6 0.150927
0.22 1577.67 0.150908
0.24 1862.6 0.150705
0.26 2101 0.150802
0.28 2311.57 0.150646
0.30 2495.2 0.150607
0.32 2644.98 0.150625
0.34 2787.42 0.150736
0.36 2907.23 0.150781
0.38 3015.41 0.151086
0.40 3116.6 0.150838
0.42 3211.71 0.150868
0.44 3287.76 0.150636
0.46 3367.14 0.150902
0.48 3429.87 0.150705
0.50 3494.63 0.150959
0.52 3548.07 0.150854
0.54 3606.73 0.150769
0.56 3653.32 0.150625
0.58 3696.29 0.150798
0.60 3750.74 0.150468
